name: annotator
channels:
- conda-forge
- anaconda
- bioconda
- r
- defaults
dependencies:
- argcomplete=1.0.0=py27_1
- cachecontrol=0.11.7=py27_0
- curl=7.54.1=0
- krb5=1.13.2=0
- libgcc=5.2.0=0
- libssh2=1.8.0=0
- mkl=2017.0.3=0
- numpy=1.13.1=py27_0
- openssl=1.0.2l=0
- pandas=0.20.3=py27_0
- pip=9.0.1=py27_1
- python=2.7.13=0
- python-dateutil=2.6.1=py27_0
- pytz=2017.2=py27_0
- readline=6.2=2
- setuptools=27.2.0=py27_0
- simplejson=3.11.1=py27_0
- six=1.10.0=py27_0
- sqlite=3.13.0=0
- tk=8.5.18=0
- tqdm=4.14.0=py27_0
- wheel=0.29.0=py27_0
- xz=5.2.2=1
- zlib=1.2.8=3
- argh=0.26.1=py27_0
- avro-python2=1.8.1=py27_0
- bcftools=1.5=3
- bedtools=2.26.0=0
- cwltest=1.0.20170214185319=py27_0
- cwltool=1.0.20170817131858=py27_1
- gffutils=0.8.7.1=py27_2
- htslib=1.5=0
- junit-xml=1.7=py27_0
- pybedtools=0.7.10=py27_1
- pyfaidx=0.4.9.2=py27_0
- pysam=0.11.2.2=htslib1.5_2
- rdflib-jsonld=0.4=py27_0
- ruamel.yaml=0.12.13=py27_0
- samtools=1.5=0
- schema-salad=2.6.20170806163416=py27_1
- shellescape=3.4.1=py27_0
- asn1crypto=0.22.0=py27_0
- bzip2=1.0.6=1
- certifi=2017.7.27.1=py27_0
- cffi=1.10.0=py27_0
- chardet=3.0.4=py27_0
- cryptography=1.9=py27_0
- enum34=1.1.6=py27_1
- future=0.16.0=py27_0
- futures=3.0.5=py27_0
- html5lib=0.999999999=py27_0
- idna=2.5=py27_0
- ipaddress=1.0.18=py27_0
- isodate=0.5.4=py27_0
- keepalive=0.5=py27_0
- libffi=3.2.1=3
- lockfile=0.12.2=py27_0
- mistune=0.7.4=py27_0
- pycparser=2.18=py27_0
- pyopenssl=17.2.0=py27_0
- pyparsing=2.2.0=py27_0
- pysocks=1.6.7=py27_0
- rdflib=4.2.2=py27_0
- requests=2.18.4=py27_1
- ruamel.ordereddict=0.4.13=py27_0
- sparqlwrapper=1.7.6=py27_0
- typing=3.5.3.0=py27_0
- urllib3=1.22=py27_0
- webencodings=0.5=py27_0
- pip:
  - annotator==0.0.3
  - avro==1.8.1
prefix: /home/bay001/anaconda2/envs/annotator

